benchmarks/easy.txt
==========================
mean: 0.923667802810669s
min: 0.0019948482513427734s
max: 8.97763204574585s

benchmarks/hard.txt
==========================
mean: 3.6710600636222144s
min: 0.03413581848144531s
max: 13.043658971786499s

